function	script	ROSCostumeBox	{
	setarray .BoxItems[0], // costume name
20317,31315,31566,
20500,20511,20727,20512,20504,20764,20761,20507,20514,20516,20509,20506,31614,31616,31624,31625,31569,31719,31803,
31063,31064,31065,31066,31067,31068,31069,31070,31071,31072,31073,31074,31075,31076,31077,31078,31079,31080,31081,31082,31083,31084,31085,31086,31087,31088,31090,31092,31093,31094,31095,31096,31097,31098,31099,31100,31101,31102,31103,31104,
31126,31127,31128,31129,31130,31131,31132,31133,31134,31135,31136,31137,31138,31139,31140,31141,31144,31145,31146,31147,31148,31149,31150,31151,31152,31153,31154,31158,31160,31161,31162,31163,31164,31165,31166,31167,31168,31169,31170,31171,31172,
31187,31188,31189,31190,31193,31194,31195,31196,31197,31198,31199,31200,31201,31202,31203,31204,31205,31206,31207,31208,31209,31210,31211,31212,31213,31214,31215,31216,31217,31218,31219,31220,31221,31222,31223,31224,31225,31226,31227,31228,31229,31230,
31236,31237,31238,31239,31240,31241,31242,31243,31244,31245,31246,31247,31248,31249,31250,31251,31252,31253,31254,31255,31256,31260,31261,31262,31263,31264,31265,31266,31267,31268,31269,31270,31271,31272,31273,31274,31275,31276,31277,31278,31279,31280,
31282,31283,31284,31285,31286,31287,31288,31289,31290,31291,31293,31294,31295,31296,31297,31298,31299,31300,31301,31302,31303,31304,31306,31307,31308,31309,31310,31311,31312,31313,31315,31106,31107,31113,31114,31117,31118,31119,31120,31121,31122,
31317,31318,31319,31320,31321,31322,31323,31325,31326,31327,31328,31329,31330,31331,31332,31368,31369,31370,31373,31374,31375,31376,31377,31378,31379,31380,31381,31382,31384,31385,31174,31175,31176,31177,31178,31179,31180,31181,31182,31183,
31387,31389,31390,31392,31393,31394,31395,31396,31397,31398,31399,31400,31401,31402,31403,31404,31405,31406,31407,31408,31409,31410,31411,31412,31413,31414,31415,31417,31418,31420,31432,31573,31574,31575,31576,31577,31578,31579,31580,31581,31582,31583,
31433,31434,31435,31436,31437,31438,31440,31441,31442,31443,31444,31446,31447,31448,31449,31450,31451,31452,31453,31454,31455,31456,31457,31459,31460,31463,31464,31465,31466,31467,31470,31232,31233,31234,31235,31124,31125,31185,31186,31586,31588,31589,
31471,31472,31473,31474,31475,31476,31478,31481,31484,31485,31486,31487,31488,31489,31490,31491,31492,31493,31495,31498,31504,31505,31506,31507,31508,31509,31510,31511,31512,31513,31569,31570,31571,31572,31105,31173,31231,31281,31123,31184,
31516,31517,31518,31519,31520,31521,31522,31523,31524,31526,31527,31528,31529,31533,31538,31540,31541,31542,31543,31544,31545,31546,31547,31548,31549,31550,31551,31552,31553,31554,31555,31556,31559,31560,31561,31562,31563,31564,31566,31567,
19500,19501,19502,19503,19504,19505,19506,19507,19508,19509,19510,19511,19512,19513,19514,19515,19516,19517,19518,19519,19520,19521,19522,19523,19524,19525,19526,19527,19528,19529,19530,
19531,19532,19533,19534,19535,19536,19537,19538,19539,19540,19541,19542,19543,19544,19545,19546,19547,19548,19549,19550,19551,19552,19553,19554,19555,19556,19557,19558,19559,19560,19561,19562,
19563,19564,19565,19566,19567,19568,19569,19570,19571,19572,19573,19574,19575,19576,19577,19578,19579,19580,19581,19582,19583,19584,19585,19586,19587,19588,19589,19590,19591,19592,19593,19594,
19595,19596,19598,19599,19600,19601,19602,19603,19604,19605,19606,19607,19608,19609,19610,19611,19612,19613,19614,19615,19616,19617,19618,19619,19620,19621,19622,19623,19625,19627,
19628,19629,19630,19631,19632,19633,19634,19635,19636,19637,19638,19639,19640,19641,19642,19643,19644,19645,19646,19647,19648,19649,19650,19651,19652,19653,19654,19655,19656,19657,19658,19659,
19660,19661,19663,19664,19665,19666,19667,19668,19670,19671,19676,19677,19678,19682,19685,19686,19687,19689,19690,19695,19696,19697,19701,19702,19706,19707,19708,19709,19710,19712,
19713,19714,19715,19716,19717,19718,19719,19720,19721,19722,19723,19724,19725,19726,19727,19728,19729,19730,19731,19732,19733,19734,19735,19736,19737,19738,19739,19741,19742,19743,19744,19745,
19746,19747,19748,19749,19750,19751,19752,19753,19754,19755,19756,19757,19758,19759,19760,19761,19762,19763,19764,19765,19767,19768,19769,19770,19771,19772,19773,19774,19775,19776,19777,19778,
19779,19780,19781,19782,19783,19784,19785,19786,19787,19788,19789,19790,19791,19792,19793,19794,19795,19796,19797,19798,19799,19800,19801,19802,19803,19804,19805,19806,19807,19808,19810,19811,
19812,19813,19814,19815,19816,19817,19818,19819,19821,19822,19823,19824,19825,19826,19827,19828,19829,19830,19831,19832,19833,19834,19835,19836,19837,19839,19841,19842,19843,19844,19845,19846,
19847,19848,19849,19850,19851,19852,19853,19854,19856,19857,19858,19859,19860,19861,19862,19863,19864,19865,19876,19878,19882,19883,19884,19885,19886,19887,19888,19889,19902,19903,19910,
19913,19914,19916,19917,19918,19919,19920,19922,19925,19928,19929,19930,19931,19932,19934,19935,19936,19937,19938,19939,19941,19949,19952,19953,19954,19955,19956,19957,19958,19959,19960,19961,
19962,19963,19964,19965,19966,19967,19968,19969,19970,19971,19972,19973,19974,19976,19977,19978,19979,19980,19982,19983,19984,19985,19986,19987,19988,19989,19990,19991,19992,19994,19997,19998,
19996,19999,20000,20001,20002,20003,20004,20005,20006,20007,20008,20009,20010,20011,20012,20013,20014,20015,20016,20017,20018,20019,20020,20021,20022,20023,20024,20025,20026,20027,20028,20029,
20030,20031,20032,20033,20034,20035,20036,20037,20038,20039,20040,20041,20042,20043,20044,20045,20046,20047,20048,20049,20050,20051,20052,20053,20054,20055,20056,20057,20058,20059,20060,20061,
20063,20064,20065,20066,20067,20068,20069,20070,20071,20073,20074,20075,20076,20077,20078,20079,20080,20081,20082,20083,20084,20085,20086,20087,20088,20089,20090,20091,20092,20093,20094,
20095,20096,20097,20098,20099,20100,20101,20102,20103,20104,20105,20106,20107,20108,20109,20110,20111,20112,20113,20114,20115,20116,20117,20118,20119,20120,20121,20122,20123,20124,20125,20126,
20127,20128,20129,20130,20131,20132,20133,20134,20137,20138,20139,20140,20141,20142,20143,20144,20145,20146,20147,20148,20149,20150,20151,20152,20153,20155,20156,20157,20158,
20159,20160,20161,20162,20163,20164,20165,20166,20167,20168,20169,20170,20171,20172,20173,20174,20175,20176,20177,20178,20179,20180,20181,20182,20183,20184,20185,20186,20187,20188,20189,20190,
20191,20192,20193,20194,20195,20196,20197,20198,20199,20200,20201,20202,20203,20204,20205,20206,20207,20208,20210,20211,20212,20213,20214,20215,20216,20217,20218,20219,20220,20221,20222,
20223,20224,20225,20226,20227,20228,20230,20231,20232,20233,20234,20235,20236,20237,20238,20239,20241,20242,20243,20244,20245,20247,20248,20249,20250,20251,20252,20253,20254,20255,
20256,20257,20258,20259,20260,20262,20263,20264,20265,20266,20267,20268,20269,20270,20271,20272,20273,20274,20277,20278,20279,20280,20281,20282,20283,20284,20286,20287,20288,20291,20292,
20293,20294,20295,20296,20297,20298,20299,20300,20301,20302,20303,20304,20307,20311,20312,20313,20314,20315,20316,20317,20318,20319,20320,20321,20322,20324,20325,20326,20327,20328,20329,
20330,20331,20332,20333,20334,20335,20338,20339,20340,20341,20342,20345,20346,20347,20348,20349,20350,20351,20352,20353,20354,20355,20356,20357,20358,20359,20360,20361,20362,20363,20364,20365,
20366,20367,20368,20369,20370,20371,20372,20373,20374,20375,20376,20377,20378,20379,20380,20381,20382,20383,20384,20386,20391,20392,20393,20394,20396,20397,20398,20399,20400,20401,20402,20403,
20404,20405,20406,20407,20408,20409,20430,20431,20432,20433,20434,20436,20437,20438,20440,20441,20442,20446,20447,20448,20449,20450,20451,20452,20455,20456,20458,20459,20460,
20461,20462,20463,20464,20465,20466,20467,20468,20470,20490,20491,20495,20496,20497,20498,20499,31885;
	
	set .Random, getarraysize( .BoxItems );
	getitem .BoxItems[ rand( .Random ) ], 1;
	end;
}

//===================================================================================================================================================================================================================
//===================================================================================================================================================================================================================